
217.825506196, 195.560483403
169.298382759, 241.121272854
49.0725202302, 206.277599833
46.5842657188, 219.015008037
45.6576421262, 220.707788889
46.0222339424, 219.509885526
46.3123777439, 218.457641628
46.0888106012, 218.159543676
46.5946827533, 217.010666696
47.2024170658, 216.556530894
47.5675262292, 216.108946147
47.4513725456, 215.88658586
47.9188306643, 215.888683292
48.5153550068, 214.439830805
48.6424568146, 213.954992086
48.7225614634, 213.875540866
48.7164707725, 214.129054481
48.6230804219, 214.342700494
48.4555488812, 214.595929229
48.2251407654, 214.974099213
48.048399459, 215.090594526
47.9718042896, 215.204377004
47.8649356941, 215.276123941
47.4174949549, 215.526430177
47.4610226814, 215.808416434
47.4641300389, 216.107166794
47.4449413107, 216.429170149
47.3155532754, 216.886705354
47.272803554, 217.213283885
46.9059000564, 217.494691911
46.6854286468, 218.069286806
46.1788726889, 218.395519772
45.658683704, 218.597155777
45.1275024799, 218.724884825
44.5768299356, 218.903058976
44.0052690163, 219.1675284
43.6136876253, 219.444200713
43.2649496886, 219.665512082
43.0500807919, 219.755561968
42.9492622763, 219.732980132
42.9130113575, 219.764352866
43.0812574859, 219.895347955
43.2219257074, 220.060253058
43.0963332796, 220.264519834
42.6589807698, 220.367132893
42.4341795082, 220.397371425
41.7844117859, 220.262416229
41.220845911, 220.068550023
40.8506444925, 219.921570249
40.6398197258, 219.855037499
40.5496436997, 219.830932098
40.5062633391, 219.8275152
40.7329235699, 219.899871402
40.836091622, 219.945484166
40.6780991196, 219.832190705
40.565133653, 219.672543008
40.5308011006, 219.481934696
40.4872239066, 219.336666355
40.6349720847, 219.250243036
41.096991814, 219.173704005
41.3095448879, 219.089755579
41.4786354891, 218.877777176
41.73435385, 218.76322777
42.2308693088, 218.777282851
42.4970427065, 218.761795479
42.5510792756, 218.778555471
42.6667574447, 218.839172695
42.7843209894, 219.03114416
42.7723508579, 219.373723508
43.110690575, 219.679616314
43.4908875266, 219.97912191
43.9222755414, 220.263340652
44.3757190375, 220.350332549
44.7902454379, 220.620240673
45.1249325528, 220.928854877
45.5546251074, 221.261293531
45.9194912471, 221.517711685
46.1464942412, 221.589182537
46.4931945999, 221.676023355
46.8829637522, 221.735803518
46.9359916253, 221.56649242
47.087630776, 221.574776393
47.0406377759, 221.469641807
47.006782375, 221.321648956
47.0110205322, 220.96589221
47.0644631973, 220.54204362
47.1539871288, 220.173502212
47.1300891547, 219.907543352
46.9843593278, 219.553884937
46.8696038922, 219.332942502
46.8624700086, 219.221228194
46.7490485092, 218.756289331
47.3865019784, 218.813311355
47.6419702156, 219.059117028
47.7567966335, 219.096670651
48.1038720838, 219.243312112
48.2816159668, 219.477205808
48.2851589458, 219.651326579
48.3715570857, 219.757161607
48.2438940165, 219.748751965
48.2746202412, 219.588284344
48.2142174047, 219.21966039
48.2823079658, 218.942731339
48.3479308535, 218.626020137
48.3361614881, 218.413495614
48.4628269211, 218.801417182
48.5109665879, 219.327615095
48.7443869302, 220.043237296
48.8698435212, 220.895030837
48.6629948216, 221.392842396
48.6455929881, 221.662474353
48.6636928442, 221.963288983
49.1076944854, 222.194396554
49.4670520748, 222.555263555
49.8126449606, 222.983063795
50.1488269689, 223.413035316
50.3117726726, 223.740598569
50.3559550678, 223.912359581
50.7414243797, 224.408753099
51.0952332986, 224.882631031
51.3441374779, 225.360059152
51.3592495861, 225.514216926
51.5236461495, 225.694329466
51.9402210342, 225.81935474
52.5070851334, 226.039417827
52.9162944248, 226.199610587
52.9287165408, 225.989419945
52.5456998636, 225.880029255
52.120162545, 225.860438586
51.950957535, 225.923528639
51.7853647438, 226.036686172
52.1274322603, 226.738225039
52.2592531168, 227.319658857
52.4448663849, 227.803115644
52.5566214236, 228.296787598
52.6357987705, 228.554552393
52.6646959443, 228.514078981
52.5583215535, 228.34911873
52.5697070998, 228.158809409
52.6905794094, 227.230340168
52.8406361887, 226.603202961
52.9806820251, 226.170009213
52.9736111347, 225.776309556
53.0518631522, 225.528781202
53.2506721117, 225.468793124
53.1928712758, 225.476647559
52.8129866108, 225.543964693
52.5309564415, 225.588691729
52.4068689759, 225.560982213
52.4026379237, 225.576467142
52.698823105, 225.533780695
53.0159210573, 225.60507523
53.3325176228, 225.574544138
53.9063697053, 225.746802587
54.3303373576, 225.729428662
54.4662063071, 225.622917694
54.5997027985, 225.192584091
54.7996926427, 224.804246458
55.0428760385, 224.486667334
55.2528251198, 224.31056088
55.2813973532, 224.164691143
55.319794761, 223.967666249
55.2989404819, 223.723317239
55.281025326, 223.542312902
55.0605473169, 223.370131075
55.0484928811, 223.387402581
55.0736978501, 223.549178122
54.9564746076, 223.829213262
54.7567557329, 224.22855537
54.5010385105, 224.671736365
54.4400142267, 225.093073293
54.3853615843, 225.500131257
54.6439392064, 226.095636218
54.8006234245, 226.483131991
55.0016320973, 226.783136722
54.9731322153, 226.891875147
54.946856664, 226.9491466
54.8859206478, 226.950268575
54.5029480297, 226.869390079
54.2952633489, 226.774719324
53.9511735535, 226.495728404
53.6776011203, 226.337132098
53.4813439731, 226.202237996
53.2540641862, 226.046465187
52.9594186208, 225.647241054
52.6760037044, 225.272200951
52.012270108, 224.699258753
51.2641664814, 224.388059665
50.5505095283, 223.891495272
50.1035392824, 224.057036072
49.6733351042, 224.32755293
49.4688101837, 224.594159949
49.708690056, 224.902864866
49.8370847874, 224.975227899
49.92773847, 224.75135291
50.7084531266, 224.724923218
51.3096408912, 224.776023105
51.9887038266, 225.123202807
52.7617412437, 225.611432638
53.2843269834, 225.901735674
53.3969193315, 226.066554084
53.4041556284, 226.13908513
53.5159445326, 226.150566578
53.3259100532, 225.960786989
53.1589545848, 225.78522709
53.1228477364, 225.60782114
53.0506486092, 225.546413577
53.076143471, 225.510568798
52.6155489136, 225.376314798
52.4840523594, 225.250225548
52.7326609469, 225.439168817
53.0479398163, 225.536343028
52.8909665625, 225.238996721
53.2591619606, 225.41621397
53.8252907221, 225.729810437
54.0505552002, 225.815963492
54.1598482143, 225.803441138
54.2957147025, 225.755240322
54.5388855227, 225.932509332
54.6220527412, 225.980098344
54.6346469251, 225.535863602
54.4131862068, 225.076695278
54.2565256381, 224.624743066
54.1907326228, 224.34960987
54.1265006799, 224.232942678
54.3008685499, 224.078298583
54.4632739024, 223.950432683
54.1910051898, 223.732972939
53.9859211413, 223.566807606
53.8954407463, 223.440319035
54.1189812989, 223.499256867
54.2488663834, 223.619399898
54.1582026519, 223.91517222
54.2037138974, 224.132193907
54.0989012185, 224.062392785
54.031340103, 223.856522934
54.0597230625, 223.707381033
53.9529909573, 223.633362029
54.1082824619, 223.591939514
54.4533793515, 223.626152704
54.9891291505, 223.669389739
55.2116908604, 223.748598
55.5988947156, 223.892465183
55.8540591492, 223.931762909
56.0375972091, 223.920059237
56.3395117227, 224.011449079
56.3615396512, 224.13265181
56.1250656502, 224.073045787
56.0917401753, 224.149878368
56.1435551556, 224.343125632
56.2762485355, 224.52419275
56.4094003113, 224.432053429
56.2986688744, 224.128908613
55.8066143747, 223.762696184
55.4665054969, 223.236109665
55.3509259699, 222.827900418
55.6840206955, 222.34053697
56.0279553762, 221.505561351
56.1383718503, 220.820862217
56.0734041197, 220.378252374
55.8568054215, 220.200203101
55.8985408801, 220.15977941
55.773127329, 220.264839086
55.730359358, 220.456300076
55.662210776, 220.628819533
55.3231228766, 220.855069486
55.2724348424, 221.053067171
55.2313975829, 221.119835059
55.3505835376, 221.089132037
55.5754946934, 220.911300777
55.6166196176, 220.719001678
55.7189968401, 220.535767837
55.8242739042, 220.328432808
55.8275471013, 220.014745229
55.9136360626, 219.663789875
56.0661010685, 219.241216723
56.2417917698, 218.735302101
56.2616952559, 218.400550976
56.3013867816, 218.230550375
56.279875926, 218.074870062
56.2073021435, 218.051499428
56.0366619044, 218.212991549
55.9439993483, 218.658126437
55.7920207688, 219.283581512
55.8353127212, 220.178361383
55.5485657434, 221.260378193
55.2626377708, 222.179526428
55.135916384, 222.877209333
55.1849440111, 223.298025724
55.1587737109, 223.642214111
55.1624873612, 224.05035104
54.7615172137, 224.04863128
54.5047545024, 223.808133192
54.5234646392, 223.656622581
54.4817214005, 223.784865548
54.5222078572, 223.933670459
54.540809585, 224.023227322
54.3952279923, 224.10061527
54.3211848681, 224.031268582
54.10296287, 223.95879835
53.7721975149, 223.716886898
53.6723261432, 223.115690083
53.5623317058, 222.695415917
53.6712172917, 222.607357394
53.5144598706, 222.752647645
53.4210767967, 222.83582489
53.3230065866, 223.075438709
53.18689056, 223.310014024
53.2151807613, 223.523846122
53.5916572469, 223.532187646
53.6658997791, 223.467748228
53.9613816312, 223.594365149
54.1754236128, 223.732785053
54.4578084119, 223.928400448
54.5436345613, 224.210667402
54.6060683799, 224.509722595
54.5358201921, 224.727381957
54.4213655777, 224.967989853
54.379804803, 225.023916729
54.0473828223, 225.190615442
53.7997901412, 225.489684053
53.7514874158, 225.738825912
53.4254432641, 225.646704254
53.1385501327, 225.719197763
52.7610943857, 225.555237661
52.590497125, 225.413229569
52.7361538621, 225.360670276
53.0374999967, 225.209298796
53.3995606599, 225.203115133
53.6186601451, 225.210478601
53.7534652309, 225.253793627
53.8917967271, 225.330602064
54.0059437678, 225.443687399
53.8492107238, 225.404008681
53.9999070408, 225.421906877
54.2773011889, 225.613348766
54.3229579574, 225.869192688
54.3175834014, 226.152797061
54.3728522669, 226.482245794
54.4239665681, 226.752133885
54.3748118811, 226.96706417
54.41718244, 227.31980109
54.4701619764, 227.633121259
54.3856066853, 227.989291518
54.3075225515, 228.389956264
54.2531139925, 228.674056234
54.4337383256, 229.080116709
54.8992235616, 229.473811493
55.1357053316, 229.292492789
55.291038701, 228.773070968
55.3747344835, 228.235481253
55.3560225686, 227.793768024
55.3325861898, 227.135343288
55.3564952568, 226.454453796
55.4020107046, 225.956442192
55.1663434085, 225.489180687
54.9008180411, 224.954778463
54.5822644751, 224.685271166
54.2279906496, 224.619978486
53.8816919613, 225.036706827
53.7152071841, 225.612740223
53.4343400615, 225.813130524
53.2841202285, 225.892829203
53.3194894891, 225.923501147
53.3614458657, 226.206239181
53.1763424732, 226.482662997
53.2529517707, 227.03293417
53.2380197401, 227.542520184
53.0573032843, 227.794316538
52.7894317411, 227.678784309
52.54696048, 227.092334497
52.1108282728, 225.50290991
51.6220189515, 224.311330141
51.4372184366, 223.371651782
51.5417258337, 223.063676407
51.6309110383, 222.991682584
52.4651190323, 222.878326185
52.9240238914, 222.802728823
53.1523818113, 222.727284477
53.3191414224, 222.675248914
53.3471255785, 222.669187848
53.5161470224, 222.812660949
53.4302699952, 222.971775509
53.5005118163, 223.197296141
53.850271788, 223.670422249
54.2507192173, 224.135443677
54.4502336502, 224.643072534
54.7693426854, 224.991924488
54.8713727644, 225.229248679
54.9285007288, 225.37038227
55.1576539456, 225.461353239
55.144959845, 225.231475118
55.2269189475, 225.091011856
55.330974538, 224.999701275
55.7038232504, 224.722487133
55.8906270471, 224.46629404
55.9374012993, 224.025001579
56.0288603741, 223.701650167
56.3880200082, 223.671907028
56.5463227866, 223.596621731
56.4934318564, 223.513887108
56.5446840578, 223.517579319
56.4591737401, 223.483480941
56.4311448706, 223.454205282
56.4476241258, 223.46825475
56.6142993498, 223.43507953
56.6379379469, 223.227801176
56.7704598528, 222.85050708
57.1530419393, 222.56569683
57.4227757202, 222.425702496
57.5561077609, 222.354507775
